29
1   Atlanta-Braves          123 53  -1 7 7 7 7 7 0 0 2 1 0 1 3 5 0 0 3 0 0 1 0 2 0 0 0 0 0 0 0
2   Boston-Red-Sox          112 54  7 -1 7 7 7 7 3 1 0 0 4 0 2 0 0 0 0 0 0 1 1 0 1 0 0 1 0 4 1
3   Chicago-Cubs            125 57  7 7 -1 7 7 7 3 0 0 5 0 2 1 1 0 0 2 2 1 0 2 0 0 0 0 0 0 3 0
4   Cleveland-Guardians     124 49  7 7 7 -1 7 7 1 0 0 0 0 1 0 0 0 6 0 0 0 0 0 0 1 2 2 0 0 1 0
5   Dallas-Texas-Rangers    116 58  7 7 7 7 -1 7 3 0 0 0 0 6 2 0 0 2 0 0 2 2 5 1 0 0 0 0 0 0 0
6   Denver-Colorado-Rookies 121 48  7 7 7 7 7 -1 1 0 2 1 0 0 0 2 0 2 0 0 0 0 0 0 0 0 0 1 1 0 3
7   Detroit-Tigers          103 25  0 3 3 1 3 1 -1 0 0 0 2 2 0 0 0 0 0 0 0 1 0 0 3 2 2 0 0 2 0
8   San-Francisco-Giants    98 33   0 1 0 0 0 0 0 -1 0 1 0 0 6 0 3 0 4 0 3 0 2 0 0 5 2 1 0 0 5
9   Houston-Astros          114 15  2 0 0 0 0 2 0 0 -1 3 1 0 0 3 0 0 0 0 1 0 0 1 1 1 0 0 0 0 0
10  Indianapolis-Indians    93 23   1 0 5 0 0 1 0 1 3 -1 2 0 0 0 0 0 0 0 0 0 0 0 1 0 6 3 0 0 0
11  Los-Angeles-Angels      92 26   0 4 0 0 0 0 2 0 1 2 -1 0 0 0 0 3 3 0 0 2 0 5 0 0 2 0 0 2 0
12  Los-Angeles-Dodgers     106 30  1 0 2 1 6 0 2 0 0 0 0 -1 3 1 3 0 0 4 0 2 0 0 0 0 0 3 0 0 2
13  Memphis-Red-Birds       95 35   3 2 1 0 2 0 0 6 0 0 0 3 -1 3 0 0 2 2 1 0 1 0 4 2 0 0 3 0 0
14  Miami-Marlins           115 25  5 0 1 0 0 2 0 0 3 0 0 1 3 -1 4 0 0 0 3 0 0 2 0 0 0 1 0 0 0
15  Milwaukee-Brewers       114 25  0 0 0 0 0 0 0 3 0 0 0 3 0 4 -1 0 0 1 3 0 0 2 2 0 1 0 0 6 0
16  Minnesota-Twins         113 31  0 0 0 6 2 2 0 0 0 0 3 0 0 0 0 -1 1 0 1 0 0 0 0 0 4 4 3 5 0
17  Trenton-Thunder         117 20  3 0 2 0 0 0 0 4 0 0 3 0 2 0 0 1 -1 1 0 0 0 1 0 0 0 0 1 0 2
18  New_Orleans-Pelicans    119 15  0 0 2 0 0 0 0 0 0 0 0 4 2 0 1 0 1 -1 1 0 0 0 0 0 0 4 0 0 0
19  New_York_Yankees        113 23  0 0 1 0 2 0 0 3 1 0 0 0 1 3 3 1 0 1 -1 0 2 0 0 0 0 1 0 0 4
20  Orlando-Rays            100 19  1 1 0 0 2 0 1 0 0 0 2 2 0 0 0 0 0 0 0 -1 0 3 0 0 1 6 0 0 0
21  Philadelphia-Phillies   122 26  0 1 2 0 5 0 0 2 0 0 0 0 1 0 0 0 0 0 2 0 -1 5 0 2 1 1 4 0 0
22  Arizona-Diamondbacks    103 26  2 0 0 0 1 0 0 0 1 0 5 0 0 2 2 0 1 0 0 3 5 -1 0 0 0 0 0 3 1
23  Portand-Pickles         104 21  0 1 0 1 0 0 3 0 1 1 0 0 4 0 2 0 0 0 0 0 0 0 -1 0 4 0 2 0 2
24  Sacramento-River-Cats   124 14  0 0 0 2 0 0 2 5 1 0 0 0 2 0 0 0 0 0 0 0 2 0 0 -1 0 0 0 0 0
25  San_Antonio-Missions    102 26  0 0 0 2 0 0 2 2 0 6 2 0 0 0 1 4 0 0 0 1 1 0 4 0 -1 0 0 1 0
26  Seattle-Mariners        115 30  0 1 0 0 0 1 0 1 0 3 0 3 0 1 0 4 0 4 1 6 1 0 0 0 0 -1 0 0 4
27  Toronto-Blue-Jays       113 16  0 0 0 0 0 1 0 0 0 0 0 0 3 0 0 3 1 0 0 0 4 0 2 0 0 0 -1 2 0
28  New_York_Mets           107 29  0 4 3 1 0 0 2 0 0 0 2 0 0 0 6 5 0 0 0 0 0 3 0 0 1 0 2 -1 0
29  Washington-Nationals    113 24  0 1 0 0 0 3 0 5 0 0 0 2 0 0 0 0 2 0 4 0 0 1 2 0 0 4 0 0 -1
